Lat,Lon
-71.7255089651775,-8.59819980994702
-71.725670172845,-8.59845002702144
-71.7258313801852,-8.59870024835454
-71.725992587198,-8.59895047394643
-71.7261537938835,-8.59920070379723
-71.7263150002416,-8.599450937907
-71.7264762062724,-8.59970117627591
-71.7266374119758,-8.59995141890402
-71.7267986173517,-8.60020166579143
-71.7269598224003,-8.6004519169383
-71.7271210271215,-8.60070217234468
-71.7272822315153,-8.60095243201068
-71.7274434355816,-8.60120269593643
-71.7276046393205,-8.60145296412204
-71.7277658427319,-8.60170323656759
-71.7279270458159,-8.60195351327321
-71.7280882485724,-8.60220379423898
-71.7282494510015,-8.60245407946502
-71.7284106531031,-8.60270436895143
-71.7285718548771,-8.60295466269834
-71.7287330563237,-8.60320496070581
-71.7288942574427,-8.60345526297399
-71.7290554582343,-8.60370556950297
-71.7292166586983,-8.60395588029287
-71.7293778588348,-8.60420619534375
-71.7295390586437,-8.60445651465576
-71.7297002581251,-8.60470683822899
-71.7298614572789,-8.60495716606355
-71.7300226561051,-8.60520749815953
-71.7301838546038,-8.60545783451705
-71.7303450527748,-8.60570817513622
-71.7305062506183,-8.60595852001714
-71.7306674481341,-8.60620886915993
-71.7308286453223,-8.60645922256467
-71.7309898421829,-8.60670958023146
-71.7311510387158,-8.60695994216045
-71.7313122349211,-8.60721030835171
-71.7314734307988,-8.60746067880534
-71.7316346263488,-8.60771105352148
-71.7317958215711,-8.6079614325002
-71.7319570164657,-8.60821181574164
-71.7321182110326,-8.60846220324588
-71.7322794052718,-8.60871259501302
-71.7324405991833,-8.6089629910432
-71.7326017927671,-8.60921339133651
-71.7327629860231,-8.60946379589303
-71.7329241789514,-8.60971420471289
-71.733085371552,-8.60996461779621
-71.7332465638248,-8.61021503514308
-71.7334077557698,-8.61046545675359
-71.7335689473871,-8.61071588262786
-71.7337301386766,-8.61096631276601
-71.7338913296382,-8.6112167471681
-71.7340525202721,-8.61146718583431
-71.7342137105781,-8.61171762876469
-71.7343749005564,-8.61196807595934
-71.7345360902067,-8.6122185274184
-71.7346972795293,-8.61246898314196
-71.734858468524,-8.61271944313014
-71.7350196571908,-8.61296990738302
-71.7351808455298,-8.61322037590073
-71.7353420335409,-8.61347084868335
-71.7355032212241,-8.61372132573102
-71.7356644085794,-8.61397180704381
-71.7358255956069,-8.61422229262185
-71.7359867823063,-8.61447278246522
-71.7361479686779,-8.61472327657406
-71.7363091547215,-8.61497377494846
-71.7364703404372,-8.61522427758853
-71.7366315258249,-8.61547478449438
-71.7367927108847,-8.61572529566609
-71.7369538956165,-8.6159758111038
-71.7371150800203,-8.61622633080759
-71.7372762640961,-8.61647685477757
-71.737437447844,-8.61672738301386
-71.7375986312638,-8.61697791551656
-71.7377598143556,-8.61722845228575
-71.7379209971194,-8.61747899332159
-71.7380821795551,-8.61772953862414
-71.7382433616629,-8.61798008819353
-71.7384045434425,-8.61823064202985
-71.7385657248941,-8.61848120013322
-71.7387269060176,-8.61873176250373
-71.738888086813,-8.6189823291415
-71.7390492672804,-8.61923290004663
-71.7392104474197,-8.61948347521923
-71.7393716272308,-8.61973405465939
-71.7395328067138,-8.61998463836725
-71.7396939858687,-8.62023522634288
-71.7398551646954,-8.62048581858641
-71.740016343194,-8.62073641509792
-71.7401775213645,-8.62098701587754
-71.7403386992068,-8.62123762092538
-71.7404998767209,-8.62148823024153
-71.7406610539068,-8.6217388438261
-71.7408222307646,-8.62198946167919
-71.7409834072941,-8.62224008380092
-71.7411445834954,-8.62249071019137
-71.7413057593685,-8.62274134085069
-71.7414669349134,-8.62299197577895
-71.7416281101301,-8.62324261497626
-71.7417892850185,-8.62349325844276
-71.7419504595786,-8.62374390617849
-71.7421116338105,-8.62399455818362
-71.7422728077141,-8.62424521445821
-71.7424339812894,-8.62449587500241
-71.7425951545364,-8.62474653981629
-71.7427563274551,-8.62499720889996
-71.7429175000456,-8.62524788225356
-71.7430786723076,-8.62549855987714
-71.7432398442414,-8.62574924177087
-71.7434010158468,-8.6259999279348
-71.7435621871239,-8.62625061836907
-71.7437233580726,-8.62650131307377
-71.7438845286929,-8.62675201204898
-71.7440456989849,-8.62700271529488
-71.7442068689485,-8.62725342281153
-71.7443680385837,-8.62750413459903
-71.7445292078905,-8.62775485065748
-71.7446903768688,-8.62800557098703
-71.7448515455188,-8.62825629558773
-71.7450127138403,-8.62850702445971
-71.7451738818334,-8.6287577576031
-71.745335049498,-8.62900849501797
-71.7454962168342,-8.62925923670446
-71.7456573838418,-8.62950998266264
-71.7458185505211,-8.62976073289265
-71.7459797168718,-8.63001148739457
-71.7461408828941,-8.6302622461685
-71.7463020485878,-8.63051300921458
-71.746463213953,-8.6307637765329
-71.7466243789897,-8.63101454812355
-71.7467855436979,-8.63126532398666
-71.7469467080775,-8.63151610412233
-71.7471078721286,-8.63176688853065
-71.747269035851,-8.63201767721175
-71.747430199245,-8.63226847016573
-71.7475913623103,-8.63251926739267
-71.7477525250471,-8.6327700688927
-71.7479136874553,-8.63302087466594
-71.7480748495349,-8.63327168471247
-71.7482360112858,-8.6335224990324
-71.7483971727081,-8.63377331762585
-71.7485583338018,-8.63402414049291
-71.7487194945669,-8.63427496763368
-71.7488806550032,-8.63452579904831
-71.749041815111,-8.63477663473685
-71.7492029748901,-8.63502747469945
-71.7493641343404,-8.63527831893618
-71.7495252934621,-8.63552916744719
-71.7496864522551,-8.63578002023253
-71.7498476107194,-8.63603087729236
-71.7500087688549,-8.63628173862674
-71.7501699266618,-8.63653260423582
-71.7503310841399,-8.63678347411967
-71.7504922412892,-8.63703434827842
-71.7506533981098,-8.63728522671215
-71.7508145546017,-8.637536109421
-71.7509757107647,-8.63778699640507
-71.751136866599,-8.63803788766444
-71.7512980221045,-8.63828878319923
-71.7514591772812,-8.63853968300956
-71.7516203321291,-8.63879058709552
-71.7517814866481,-8.63904149545721
-71.7519426408384,-8.63929240809474
-71.7521037946997,-8.63954332500825
-71.7522649482323,-8.6397942461978
-71.752426101436,-8.64004517166354
-71.7525872543108,-8.64029610140552
-71.7527484068568,-8.64054703542389
-71.7529095590738,-8.64079797371875
-71.753070710962,-8.64104891629019
-71.7532318625213,-8.64129986313833
-71.7533930137516,-8.64155081426326
-71.753554164653,-8.64180176966513
-71.7537153152256,-8.64205272934398
-71.7538764654691,-8.64230369329996
-71.7540376153838,-8.64255466153319
-71.7541987649694,-8.64280563404374
-71.7543599142261,-8.64305661083173
-71.7545210631538,-8.64330759189727
-71.7546822117526,-8.64355857724045
-71.7548433600223,-8.64380956686138
-71.755004507963,-8.6440605607602
-71.7551656555747,-8.64431155893698
-71.7553268028574,-8.64456256139185
-71.7554879498111,-8.64481356812488
-71.7556490964357,-8.64506457913623
-71.7558102427313,-8.64531559442595
-71.7559713886978,-8.64556661399418
-71.7561325343353,-8.64581763784101
-71.7562936796437,-8.64606866596658
-71.7564548246229,-8.64631969837095
-71.7566159692731,-8.64657073505425
-71.7567771135942,-8.64682177601659
-71.7569382575862,-8.64707282125806
-71.757099401249,-8.64732387077879
-71.7572605445827,-8.64757492457887
-71.7574216875873,-8.64782598265841
-71.7575828302627,-8.6480770450175
-71.7577439726089,-8.64832811165627
-71.757905114626,-8.64857918257484
-71.7580662563139,-8.64883025777327
-71.7582273976726,-8.6490813372517
-71.7583885387021,-8.64933242101021
-71.7585496794025,-8.64958350904894
-71.7587108197735,-8.64983460136797
-71.7588719598154,-8.65008569796742
-71.759033099528,-8.6503367988474
-71.7591942389114,-8.65058790400799
-71.7593553779655,-8.65083901344935
-71.7595165166904,-8.65109012717151
-71.759677655086,-8.65134124517465
-71.7598387931524,-8.65159236745882
-71.7599999308894,-8.65184349402417
-71.7601610682971,-8.65209462487076
-71.7603222053755,-8.65234575999874
-71.7604833421246,-8.6525968994082
-71.7606444785444,-8.65284804309925
-71.7608056146348,-8.65309919107199
-71.7609667503959,-8.65335034332652
-71.7611278858276,-8.65360149986295
-71.76128902093,-8.6538526606814
-71.761450155703,-8.65410382578197
-71.7616112901466,-8.65435499516477
-71.7617724242608,-8.6546061688299
-71.7619335580456,-8.65485734677745
-71.762094691501,-8.65510852900755
-71.762255824627,-8.6553597155203
-71.7624169574236,-8.65561090631582
-71.7625780898907,-8.65586210139419
-71.7627392220283,-8.65611330075552
-71.7629003538365,-8.65636450439994
-71.7630614853153,-8.65661571232752
-71.7632226164645,-8.6568669245384
-71.7633837472844,-8.65711814103268
-71.7635448777746,-8.65736936181046
-71.7637060079354,-8.65762058687185
-71.7638671377667,-8.65787181621695
-71.7640282672684,-8.65812304984587
-71.7641893964406,-8.65837428775871
-71.7643505252833,-8.65862552995559
-71.7645116537964,-8.65887677643661
-71.76467278198,-8.65912802720186
-71.764833909834,-8.65937928225149
-71.7649950373584,-8.65963054158555
-71.7651561645533,-8.6598818052042
-71.7653172914185,-8.6601330731075
-71.7654784179542,-8.66038434529557
-71.7656395441602,-8.66063562176856
-71.7658006700366,-8.66088690252652
-71.7658089652021,-8.66089983922189
